2.04832378868 -4.98204545503
6.4372477108 7.81525978324
40.0372277091 36.5598719616
82.2949919952 55.3018925188
101.499647738 65.3697731251
139.190510106 72.0432395079
176.748759373 67.7021553536
213.534764854 66.4619928226
230.950516197 63.6312293795
247.903224327 61.4259543645
264.483186522 47.3672542892
298.81805617 32.4928063189
316.224999613 10.3139010709
333.354196071 5.83829987264
350.336269258 -18.1015705296
367.282603515 -30.949816744
384.29481978 -30.3878996533
401.488743473 -39.8541424876
435.430531918 -50.753215894
452.305515516 -79.4024504024
469.450086898 -77.1659331265
486.957094861 -77.2199567081
523.512478095 -82.493481256
560.90456181 -58.3938200739
597.897198648 -45.1190918512
725.549039734 43.8745043633
765.599760269 64.8307509245
803.332202151 75.623182925
822.07056251 83.8174553495
840.873371515 72.5135583591
877.871754073 73.516948502
895.355394173 60.6931282758
928.986543677 38.2630662999
963.17397747 23.3466365809
980.631083011 21.4958682913
1014.78114039 -9.91889028036
1031.72617111 -22.1798433343
1116.76301703 -66.7181728019
1133.87066271 -69.2981197146
1151.32648158 -84.0894688933
1169.23129196 -75.0377838224
1187.72588 -79.9579744797
1206.56698616 -65.7935891709
1225.17286033 -76.1399807182
1262.1698501 -49.5268771933
1281.28547022 -25.570195061
1301.40500108 -23.8629328232
1344.80648529 7.7898830433
1389.48288345 34.3119936458
1410.32729773 48.0693834723
1429.86823081 63.5261223443
1467.64274402 68.7214611965
1486.37700797 78.0824249314
1524.15528275 82.1818512292
1576.95405461 50.4895256317
1627.67765672 22.7071236089
1645.18470954 14.0926204533
1679.37947303 -5.176393374
1713.31128596 -45.880218934
1730.44538732 -50.7202370825
1747.87215718 -54.2524016987
